’ 10οὊ 1111101000.1.1101111000011,1000001101.001111011. · ‘m

· 1357. - IV, 142. 148. 167. 169. 338. 303. 570. 369. 381. 304. 305. 314. 333. 370. 3741 378. 380.
1008. -- V, 112. - 71, 30. 33. 34. 53. 421. 441. 458. 463. 472. 785. 795. 800. 801. 843.
11011011 uxori, catharinae, II, 41. · 857. 865. 877. 878. 887. - VI, 24. 315. 385.
1011011010, Matthiae, 71180. - VIII, 418. 853. - 386. 303. 440. 540. 551. 013. 608. 714. 754. 813.
IX, 160. 516. 738. 977. 834. 833. 953. - 7Π, 83. 103. 331. 357.
1111011110, 1000111, 7Π, 503. -— 7111, 163. 377. 1400010000, Petro, V, 60. 102. 373. 477. 883. - VI,

· 11011011 filio, 1001011, 1064. 333. - VII, 594. 769. 787. 804. 819. - vm,

0 1110110101, hunno, 11, 583. ’ 333. 695. - IX, 607.

1101001013, 1110100110000011 01110 170111100000, Π, 10.

110300, 110011103030111000,11110 Ηο01101,Ι. 863. 864. 19. - III, 497. 516. 585. 762. 774. 947. - IV,
1088. 1089. —- II, 13. 561. 566. - 111, 706. 737. 117. 707. 790. 833. 844. 883. 900. - 7, 18. 370.

Maiori, Ioanni, 110000, 7Π, 73. . 353. 396. 503. 683. 787. 860. 868. 893. ·- 71,

Maiori (110101),11001310, 71, 367. 375. 376. 434. 438. 187. 304. 334. 333. 343. 348. 351. 391. 393. 397.
447. 459. 543. 549. 636. 648. 673. 691. -— VII, 300. 364. 378. 439. 444. 535. 541. 604. 617. 639.
984. 1009. 1010. 1053. 1076. - Χ, 17. 638. 653. 698. 705. 789. 830. 831. 894. 865. 885.

0 110110011001101100, Ηο10111101101101000101101103000· 904. 908. 918. 943. 948. - VII, 8. 81. 139. 191.
111000, 7Π, 461. 333. 374. 292. 334. 361. 401. 407. 413. 417. 419.

110001016ωεί10 1001011100, VII, 696. , 431. 441. 447. 465. 473. 489. 550. 597. 608. 639.

1111010110, 100001, 11, 14. 643. 648. 665. 679. 796. 817. 830. 833. 889. 864.

1101100110,100001, 7Π, 643. 789. 791. 850. 1163. - 869. 908. 917. 946. 966. 975. 979. 989. 9931008.
vm, 44. 47. 144. 297. 331. 808. - IX, 363. 1014. 1054. 1113. - vm. 15. 40. 43. 68. 97.
374. 565. 748. 811. 908. 104. 107. 131. 138. 134. 154. 181. 338. 337. 343.

1111100110, ioanni, H, 548. 931. 934. 1006. - 111163. 261. 364. 274. 278. 399. 335. 363. 368. 398. 444.
- IV, 808. 1065. - 7, 376. ·- 71, 17. 63. 330. 459. 505. 536.

337. 350. 376. - 7Π, 183. (Epistola III. 163. 1101001013, christophoro, filio 11101001ἰο consulit, 7,
110100 1101100110 ex 011010 incripta 00131 11. 1. o. , 37. 355. - 71, 390. 905. - vm, 107.
Magistro, 0110010 ox 011010 fecit 110100.) - X7 1101001013, 1110111011, iuniori, vn, 1038. -VIII, 498.
18. 19. 53. · 539. 675. —- IX, 412. 530. 540. 608. 670.

110130101100, Reginae 1101011100, 11, 733. 1101011001, Philippo, filio, 11. 933. - V, 106. 910.

nurenbergensi 8000101, vm, 536. -· IX, 147.

110101110,0000., ΠΙ, 968. 11010011οο1, 8131000101106. 377.

11011100, 10111000, 7, 536. 549. -’ VIII, 177. 1101011011, 11οο0010, 1, 448.

Martyri, Petro, V, 143. 110001030001 Senatui, IV, 781. 873. - V, 53.

’ 1101110010,100001, IV, 937. - 7, 31. 92. 160. 180. 110010, 10010, I, 1094. - II, 872. - IV, 117.160.
188. 335. 551. - 71, 47. 189. 309. 319. 364. 1071. - 7, 14. 150. 311. 366. 453. 467. 758.
394. 304. 346. 461. 643. 713. 733. 734. 745. 818. 779. 848. - VI, 568. - VII, 553. 677. - vm.
845. 907. 948. 956. -- 7Π, 83. 336. 399. 313. 485. 693. 787. 853868.

343. 449. 483. 487. 531. 575. 598. 603. 633. 658. 110010, Eusebio, 11110 Iusti 110011, lx. 589.

754. 790. 794. 805. 807. 834. 835. 855. 860. 907. 110010, locine, VIII, 868.

944. 963. 970. 1000. 1006. 1030. 1046. 1108. 110111οω,100001,17, 1034. ,

1161. - VIII, 74. 90. 100. 179. 319. 333. 241. 1110]110,Ιο00110,1,783.1018.- 17, 1068. -1Χ,395.
418. 435. 588. 871. 747. 779. 787. 789. 818. 828. 11111010, 110οο0, 111, 48. 44. 184. 001. 100. 040. 888.
895. - IX, 110. 158. 103. 177. 188. 301. 333. 981. 1063. 1155. 1232. - IV, 412. — V, 98.

· 488. 510. 517. 649. 724. 750. 786. 788. 804. 833. 104. - VI, 308. 310. 313. 331. 334. 335. 844.
841. 903. 903. 935. 973. 1067. . q 389. 435. 479. 536. 550. 615. 617. 643. 680. 631.

1111111100, 71, 547. · 944. - 7Π, 344. 834. 1034. 1157. —· VIII, 137.

Matthiae, 1100100, 71, 808. - 7Π, 1089. -— VIII, 546. - ΙΧ, 14. 243. 358. 450. - Χ, 19. 30.ι
731. - IX, 835. 1110000, Androne, lx. 18.

11001160, 11001801. 31001011,7, 8. - 71, 606. 795. 11100101001111011100, 7Π, 45. 64. 367. 370. ⁴
874. 954- 7Π, 353. 903. ¹ 11110110, 8010101110, 1Π, 639. 950. 1080. 1109. -

110010, Βο1010160, Ι, 18. 24. 62. ⁴ . IV, 658. 679. 707. 847. - 71, 131. 635. - 7Π,

11111011111011100. 1& 001. 100. 000. 010. 000. 807. 884. 848. 1000. 1000.

Menum, 1111 Myconius. - VIII, 730. - ΙΧ, 173. 844. 915.

11011010, 11100100, III, 408. 618. 707. - IV, 154. 1111110000, 7111, 736.

167. 411. 677. 694. 705. 758. 803. 880. 897. *- 11111001600018000101, 111, 1033.
7, 73. 88. 86. 163. 196197. 307. 333. 337. 351. 110110, (1001310, 7, 773.
111011111101011 von nrm.

 

