211 fflmrrrmmnoms OPERA. · 919

68 11011 leguntur.) 11, 599. - 111, 112. 122. - 19, 0688688118, 91118, Π, 339.
, 96. - 9, 879. - 91, 7. . Ordines 1118888888 111 88888111.,9Π, 62. 178. 964. 965.
1111111111,1>11111, rx, 122. 210. 212. 212. 211. 220. 222. 222.
81111811, 11111111, 11. 122. 121. - 111, 161. 868. -
8111811188. 81111111, 111, 22. 20. 22. 41. 42. 21. ὦ ,136ὲέ ζῙΠῩῙῇὥΒο· ““ ‘⁷¹¹’ ⁴⁷·
1186685816811818 Senatus IX, 99. ’< ’
1111181, (18816, Π, 717. - 91, 22. 22. 22. 100. 999. .. .
212. 112. 122. 888. - 811, 1. 221. 202. - Famem Th0010222366·
χ, 66, , Ρ88881, 81111.,811, 936. 945. - IX, 12. 950. 951.
1111111111, 1111111, 1811111111, 8,118.-81,888. 212. 969. 667. 996. 677. 694. 666
11888818988,8811888., 111, 83. petel, lxg ¹1⁰3·
Martyr, Ρ11111,ΙΧ, 241. Pflpg, Iuhus, Ν. 460. ᾗ VII, 142. ’ ’
1111118111, 11111, vn, 220. -11111 1111111 11 11111111 1698816. magr. 6166666. ΙΙ. 96. 699. 696. -· 111,
1401, x, 313, 309. 851. 224. 1005. 1099. - IV, 699. - V,
1611116111, nu, sa 161116, 81, 666, 610. - vn, 6, 661. 679. 731. - VIII, 494. - ΙΧ, 641. 759.
102. 121. 242. 222. 222. (11111111 11111) 212. 224. 966. , .
424. 186. 210. 96491168 1³13 9666166166. Ι6. 697.
1111111, 111111, 8, 201. 220. 210. - 81, 688. 1661876.. 91166616 6616666766 IX. 679.
1111118111, 1) christoph.. 8, 888. - 811, 188, - 8) 9666666. wibaldus, 7. 79. ·
11111111, 11111, 81, 811. - 8111, 422. - 1) 8111·- 966618 lom, 17. 446.
1611, 811, 240. 81181111, 1111.. 11 881.
8111111111. 8111111111, 81111, 8, 222. - 811, 188. Romanus, 16661166.
Meuius, Ionias, vm, 222. Praesides colloquii 97811886, ΠΙ, 1176. 1919. 1951. -
1111111,111111,111, 1121. 1140. 1168. 1122. 1212, 79. 6. 76. 79.
1886. - 18, 88. 8118111181 8111111111 8111111111, 11, 188. 188. 412.
11111,1,1,,,1,111,111, 1818. 1888. 1888. - 111, 201. 221. 222. 1112.
8111111,11111.,111, 1888. - 18, 81. 8ο, 111, 1181. 1888. 1888, 18881881. 1222. 1222- 18,

ΜΝ, Ennius, 111, 466, .. Ιχ, 666, 646, 7. 17. 156. 169. 181. 395. 469. 476. 212. 599.
11111111,111111., 81138181811181111111, 111, 24. 88 669. 676. 677. 637. - 9. 649.
8118111111, 811111,1, 188. 8181111111, 111111, 8111, 888. 222.
11111, 11111, 111, 18η 11111111, 1111111, v, 222.
11181111, 1618111111, 111, 240. 124. 121. 1022. - 8161611861 11611, 18, 188.
lv, 122. 937. 939. - V, 11. 212. Reuenberger, lv, 1037.

1188881181, Η181811.,91Π, 937.
Ν. 12, H, 903. 341. 343- ΙΠ, 136. 973. - 9, 16161111,[11111111,,Π,58,

214. - vn, 167. - VIII, 796. - 177. 44. 46. 111111111111111, 18, 224. 888.-

88. 22. 186. 818· · 1111811811, 11, 81, 201.
Narratio 11888118. August, X, 195. 1181111816, 111-88111118, 9, 549. ,
11811188816811888 legati 111 comitiis 4868818818, II, 50. 1188811118, 18, 1, 97. 39. 34.

53. 55. 56. 69. 66. 70. 78. 63. 86. 88. 90. 105. 1111881888,Τ118111.,1,9,19.

186. 102. 118181. 121. 142. 188188. 120. 124. 1811111111, L. p, 11, 222. 242.

177. 189. 199. 906. 916. 990. 939. 949. 949. 955.

881. 222. 212. 222. 222. 222. 888818. 212. 888. salfeldensi, senam, 6,, 7,,

12:211111211:2121111121 6111. 6 - 11 - vm.

Norimbergeneio Senatus, Π, 147. 399. ἓῗὲἐὲἓ ὲααέωἳἭἋᾳ 3⁷9⁸
11 Numa, 0811188, Il, 149. , Suoniei Ρ8868188, 1Χ, 35. 60.
, 886181, Geryon, Π, 995.

Obernburger, 1881111, VI, 221. Sohlageck, VIII, 422.
Oehmler, Georg, II, 246. — III, 908. - Χ, 65. 66. 8611118611, 1111118111, Π, 399. - IX, 936. 955.
081181, 91188, Winshemius, oratio in funere 1181811111.,Χ, Sehoerkel, 81618111, 9, 783. 786.

187. ’ a Schrader, 198116, 9Π, 769. .
068111111818, 11‘, 783. 8181881188, 9Π, 934.

 

