, w 11. 7517015. 1170171151110001 1115011577. 190

999. 616. 659. 789. 735. 788. 806. 827. 845810. 1111615113 Senatui, 711, 359.
971. 1022. 1027. -1029, 1046. 1062. 1080. 1111655111 ooneionatonbns, VII, 510.
nmmum, Georgia, IV, 999. · · 6115510110, 1110171511, Ι, 446.
6115171110, (1111111170, 711, 1104. 1105. 11321141. 1111707110, 1106051611, 724.
- 7Π1, 23108. 126. 139. 243. 680. 908. ι·- .110177711770,(157111055., 17, 105. 830. 918. 992. 1058.

1555155555, 755557, 575, vm, 515.Ι 1775151517555, 111 175.
111511501160,101111,111.,·71111 sla-999. · 15 Ηο171511517,111610, 1929.

1115171110, Cup, III, 785. 11017710,101111,7, 826.

neonem, detino, VI, 821. —· 711134- 7111, 607156367101111, 55117577,77, 175. - 771177.-
11161011, (171517οΠ73011. 11576) ot 1417510110, 711, 1 affigo, 101111, Pastori, VIII, 999.

949. 991. · .· · 775151515555, vnn 577.

Η5ς55557515,01715,1575,77, 1068. 1116610, Herm, IX, 170. 939.

1555755535555 1555555755, 1, 999.. - lx, 949 77555555, 7555555, 777, 70. 494. 999.

1 1151651101051710, Χ, 19. ἰ Hugelin,.Andr., VI, 779.

Heidenreich, Cnspnro, 91, 499. ““ 1111155111777575575, 1, 266. ‘449. 999. 576. 614.
115117571111151 Abbati, vid. 1011115. 649. 740.

60111351111711110, V, 803. 826. 886. -· 71, 20. 99. 6117710110, 101111, 7, 906.

11111170, sena-tiano, 111, 526. 576. - IV, 662. 714.

1022. 1025. 1050. 1055. -- V, ἱ478. - VI, 990. 1100515,6]11161 nx 61715011, VIII, 780. 838.
11160,6007110,110705107110, 7, 86. 560. = 1155171716. 1111115173.“’ '
6117171015 urbibus, 151 71571 fuerunt 1177116131, 111, 312. 1010171170 11, 1117051011 6711611513. Hectori, II, 999
77555575(7751157),75551 55551755, 777, 7057. 1110. 999. - 777 944. 919. - lv, 991. 999. - 77,
1 1119. 1141. 1149. - vm. 91. 41. 109. 199149. 155. 449. 755. - 777, 711. 7055. - vm, 190-

199. 243. 334. 528. 999. 680. 743. 749. 999. 949. IX, 218. '

904. -·· 194. 108. 539. 777. 1011171170, Ρ7110151611711610, Π, 609. 618. 729. 999.
Hennebergennibnn principibu, 716. 0111111115, Iones. - 999. 909. - 7, 999. ⁶— VI, 212. 5555543517.

Henrico VIII, lugi Anglino, II, 499. 861. 919. 920. 742. 902. - 7Π, 438. 590. 606698. 695. 808. ”

995. - III, 82. 671. 681. 964. 970. · 809. —-· VIII, 20. 201. 265. 688. 508. 542. 697.
Henrieo, 1100181101, I, 1002. -· IV, 637. ³ 811. 871. 926. - IX, 14. 116. 759. 889. 448·
Ηο777100, 11101 Megnpolitano, 17, 818. 450. 546. 790. 731. 777. 788. ’
Ηο07100, 1110181131100, IX, 696.Ι Ioanni, 1110180100. nedoni, 1, 799. 834. 970. 984.
11307100, Regi Galliae, IX, 388. · 1098. 1120. ·- 1120. 162. 434. 592. *- 16954.
11117100, comiti 1 61015173, 716. 9910913. 1017711, 1117751011 67116515. (6101 1010171171 10000713),
7755555515, 5555575, 7, 577. - 77, 49. 919. 999.¹ 777. 94. - 7777, 994. 751.

806. 976. -· ΙΠ, 364. 556. 1089. ⁸- 71, 149. lomi, Principi Anhnltino, II, 796. Ι

401-7777, 919- 777, 575. 999. 919. 909. 999. 755557, 15755 75755555 7555757 umam.. 777 555.
Hermanno, Anchiepisoopn calonimi ex 11711171 00776 101111, Abbati Heilbronnnnzi, IV, 678. - IX, 9211. '

555 5 77755, 777 990. 755557 175555, 1557 7555557155, 777 705. 1099. -·-
7755555555, 05575 15575 Aquilae, 99 77555 15175 7777, 715. 190. 494. 999. 919. 999. - 777, 91.
Hertzbergemi 80771311, IX, 590. 109. 611. 652. 665. 667. ,
Eortnenbnngm, 1117735, 17, 1038. 101111 Ernesto, 11171 Baton, 6110 1017117111501, 7, 258.
1555155155, 77, 990. 991. 755557 77155755, 1557 saxon. 7155755, 7, 999. 994.
77555555, 75. 77555, 77, 117. . 1094. 1009. - 1, 777. 707. 904. 949. - 777, 14.
Ηο7151171170,1011111076110,1,69. 98. 551. 715. 728. 796. 820. 920. -·· 17, 577. -
Ηω51777110,’11117111770, Vm, 159. 616.’·-· IX, 4277 7, 87. 540. 577. 671. 879. ·· 7Ῑ1 72. 429. ⁴·-

949. 999. 949. · 777, 7075. 7075. .. 7, 199. ‚

77555, 755557, 7, 757. 755. 191. 194. 901. 909. 994 755557 75555155 77 (vulgo 555 7175555771. 551757.

866. 453. 566. 577. 584. 598. 642. 647. 654. ····· -IX, 310.

Π, 347. 553. 591. 615. 657. 684. 705. 715. 878. Ioanni Fl'iderioo, 11001 7017037640, 7111, 244. 381.

···- ΠΙ, 269. 484. 588. 741. - IV, 101. 857. - 982. 405. 835. '

7, 55. -77, 991. 755557 5555875, 0575111571, 557.
nm, 991091909909109911,999.919.-111,999. 1757557 575155 (7757555555) - 7575557 77557 557,
Han, 11100110, m,999. Ι 1007. -· 141, 67. ·- V, 999.. 912. - VI, 268.

 

