181 II 1131310133 Β. 1651110676, 411) QUOS 3131.. 30313313. 133

' 1116666618666961,7,166.- 1Χ,15. 06696166,.6(166661·16,166661,,.17639-·7,.148-
11166116166661, II, 434. 494. 50]. 504. 516. 547. Χ,6. 65. 66. 68.

590. 660. 033. 333. 843. -III, 169. 101. 340. 61166,16661, V, 107. -711, 1085. ·- VIII, 361.

330. 433 161.616.161.661.611.-11,141. 66.-11661. ·

476. 513. 809. 910- V, 168. 334 333. -71, 0666616666, 166616, 711610. 659. 765. 333. 311.

860.- 7111, 540. 588.-111, 144. 664. 0111616611, 1166611611 uxori, 1461166, VIII, 33.
1166616611666 (Ρ166696666), loanni, V, 836- 7Ῑ1, 0461916611 11116. 6) 1661611666, 711, 539- 7ῙΠ, 876.

,651 715. 504. 647. 905. -vm, 76. 110. 131. b) 1666171653 ·

314. 333. 01661616, 1661166 (16616166 0166666666), 1561.
8111616666, 1666611604. 755. “ 599. 616. 644. 648. 650. 681. 661. 663 665. 667.
1166116661, 7766666166, 7111, 116. 711. 716. 333. 734. 737. 739. 741. 743. 747. 750.
166666,1116166,1111151. 751. 759. 753. 788. 799. 793. 793. 796. 801. 909.
81616616, Hieronymo, Ι, 135. 804. 605. 607. 608. 611. 614. 615. 813. 814. 817.
86166116,161.,11, 781. 831. 895. 330. 855. 858. 869. 865. 867. 879. 869.
811611, Gregor. (germanice 01666116 1161666, Ponta- 919. 935. 941. 950. 951. 959. 971. 973. 989. 965.

66 666161), 1616. 330. - 111, 333. - lv, 3333331003. 1666 1003. 1003 16611666

1060.- v, 333. 333. 31333. 385. 334. 1051105910611037.1039109110961610.
61361, 6161166,611616661,111666.-16,6. 1113- 11, 13. 33. 43. 43. 33 116. 116 166.
1361616616, 17166116, 7, 115. 999175. 999. 399. 935. 337. 510. 958. 383. 388.
81666616, 76166671, 333. 396. 439. 469. 471. 465. 487. 495. 500. 503. 505.
111661νί66611 Senatui, 7, 419. 507. 514. 517. 518. 537. 545. 548. 551. 553. 554.
Bmmvieemibu, Duabus, vid„ Ennomus, 0330, Gai. 561. 571585. 587. 569. 595. 596. 598. 600. 605.

11616116. 613. 619639. 645. 646. 651653. 659. 661. 663. ,
1466616, 11611166, II, 331. 470. 498. 551. 641. 675. 686. 699. 701. 703. 704. 708. 713. 714. 330. 331.

310. 775. 837. 641. 873. - 111, 356. - V, 313. 333. 718. 731. 330. 733. 785. 791. 799. 811. 660.

360. 474. - 711 158. 330. 349. - x, 149. 868. 877. 376. 381. 899. 913. 935. 951. 935. 989.
8661161616, (166116, 7, 703. 717. 799. 757. 356. 1097.- 111, 34. 46. 59. 89. 91. 135. 161. 171.

379. 906. -71, 198. 907. 911. 910. 377. 409. 177. 193. 964. 191. 994. 333. 359. 388. 333.

417. 554. 550. 717. 718. 615. 699. 957. -711, 419. 438. 456. 506. 538. 548. 559. 571. 597.

1001 160. 130. 199· 397. 331. 441. 459. 333. 540. 630. 635638. 686. 697. 711. 715. 764. 773. 639.

559. 795. 653. 657. 865. 1011. 109611561141. 977. 987. 1016. 1015. 1071. 1077. 1101. 1115.

1144. 1156, - vm, 19. 48. 133. 151. 991. 981. 11691135. 1947. - 17, 19. 38175. 185. 930.

300. 388. 406, 109. 411. 448. 474. 594. 604. 613. 306. 691. 406. 511. 641643. 646. 648. 656. 681.
’ 618. 660. 669. 676. 679. 735. 783. 789. 818. 850. 697. 703. 704. 709. 7111713. 757. 759. 760. 775.

658. 919. 646. - 1116. 31. 71111. 133, 133. 785. 787789. 799. 800. 816. 815. 816. 897. 831.

¹ 153. 499. 496. 133. 591. 513. 573. 579. 600. 733. 843. 645. 847. 349. 851. 855. 869. 867. 870. 685.

749. 789. 813. 391. 631. 8438568911046, 886. 895. 698. 905. 908. 914. 917. - 7,16. 35.
’ 105610511058. 45. 47. 51. 54.93.99.103.]10.116.111.154.
866116161611666, 11116 Georgii, 71536616. 161191115.116136.139.143.159.170.191.
6161161616, 1116616616, filio (1616111, VIII, 907. . 333. 194. 309. 315. 311. 317. 331. 331. 337. 645.
11161666, Io, 71, 770. 771. 356. 357. 360. 363. 371. 376.. 394. 397. 406. 408. ⁴
6 11116666, (11611.,Ι, 303. - 7, 175. 410. 415. 491. 417. 437. 446. 455. 461. 476. 461.
1111661116, lemn, Pomanus, Ι, 591. 339. 1341. - 488. 491. 499. 494. 497. 506 507. 546. 554. 573.

Α 111, 179. 1061. 1199. 1991. - 7, 164. - 71, 6511691670. 930. 631. 533. 684. 700. 704. 703. ·

166. 456. 716. 755. 767. 770. 784. 794. 797. 801. 631. 831.
1611161616, Η666166, 7, 341. 475. - VIII, 516. 847. 834. 835. 640. 850. 855. 663. 864. 679. 876. 664.

- lx, 163. 196. 317. 3791 751. 691. 894. 899900. 901903. 910.-71,11.31.49.67.
8166161116,1116661666,6111 661661 appellatur 1161661666 70. 80. 133: 149. 108. 110194135138. 333.

716616661611, 334.- 111, 33. 96. - IV, 870. 161. 187. 311. 315. 318. 619. 313. 643. 674. 391.

-71, 556- 7Π-,151. 336. 431569. 568. 613. 658. 716. 711731. 743. 751.
11666616, 1166116,11, 701. 849. 865. -IV, 756. - 758. 771785. 799. 617. 819. 819. 637. 650. 677.

711, 634. 890. 900. 917. 990. 947. - vn, 105195. 196.
3166616166σί,11166166,61666161666116166,7, 111. 146154165. 188193. 334. 150. 341. 405. 409.

166.· - VI, 84. 537. - X, 3. 413. 419. 443461. 484. 465. 489. 500. 503. 506.
866661666661, Η6116166, 7111, 639. 741. 771. 875. - 517. 518. 533. 557. 538. 541. 555. 556. 333. 679.

IX, 88. 110. 130. 156. 197. 595. 593. 601. 910. 991613. 988. 336. 347. 660.

„.

 

