177 71111177114111417111771707770. 100

919999 (194999), 914919, 19. 777. (7377 99911 (07⁸7 gan. Dim), 7, 777. - 99,-
199999, 99919 191, 474. .. 7111 999. 147. 707. - 711, 70. - 7111,-777. 999. 707. ...

’ Frentzelio, 1999111199, 71, 774. 1x, 177. 744.

17177700 11, 7731 99999, 111, 777. 777. 949 1007. (9111999 (9999 91999), 119919, afim 191999, ⁸77⁸!-
Friderioo Sapienti, Dueisaron.11177,1, 46. 117177. lm, 7, 707.

440. 477. 477. 474. 717. 777. 700. 999. 999. 999. (919199, 991994, 711, 774. 1077. 1121.

774. . 919199, casparo, 1, 447. - 71. 499.

91199999, Palatino 999., 9, 991. 777. - 111, 777. 9119999191. Philippo, 1, 1017. - 111, 717. 777. 9949
19199199, 9991 11599999, 19, 1919. 2... 711, 777 - 17, 107. 110. 771. - 7, 499. ., 7111, 49. 99.

777. - 171, 774. 077. (199199, 1770, 11, 707. -
77107700,17777 77777737717717707177370, 7771 (95 (9999991199, 9111994.

777. 777. 777. 777. 774. 1001. 1007. 1114- 999119, smmi 19991 955191 17, 777

11, 47. - 111, 1774. -. 919, 777. (7077113777 senatui, 17, 774. * 9,· 499.
Fried, 7. Friedrich, christophoro, 711, 777. Goottingenrihus 00mede VII, 747. .
7177 199199, concenationem 99991, 19, 1047. 701777770, chiliano, 1 999. 991. 999. -. 11, 77.
17777771777170, Π, 777. - 7711 — 17, 114. 991- 7, 998. 777 177. 914.
919999 (11199991), 19999999), 11. 717. - 111 411. . — VL 177. 707. 777. 477. -1 911, 99. 70. 177.

707. 1710. 1747. - 17, 19. 774. - 9, 999. -m 7111, 499.
Emotis, Georgia et Huldrioho, 711, 770. :Gorlitio, 1119699, Π, 74.
Mrem, Petro, V, 190, 1191114119 Senatui, I, 1077.
Fusio, wolfgango, 711, 1114. -- 71113777. 770. 0991119999, 111, 1078,

¹Graesero, 999191 71, 777. - 711, 1117.

(7710, 11199199, 711, 777. - 7117 107. 717 -ν 111, 'Grssnveloe (IIIm (1199991194, camollam), 16199199,

999. erenoto, 1747. - 19, 771.

(111999. s. ameno (gem. aarum), lomi, 119, 770. 9119119991 sommi, 7, 777. ·

-vn, 559, 593, (19911999, Simoni, I, 747. - II, 777. 747.

69111919, 19111111 (Achilles 1119119199 eum), 111, 777. Guonthero,comitisahvm1›urgemi, 7, 777.-111, 1070.
9419999, 1999, astronomo, 11, 770. - 9,,199. 1119119199, Daoi 1911999991. 117. 777. 770. - 7, 149.
(19199119, 9. Geloo, 81319999191, 770. 808. 1691119190, Dwi Brumrioomi, 111, 1077.

(7700, sigism.,1x,771. 1991119919, 1199151 11919999, 7110 Pffi¹¹77i nummi,
Georgio, 177717 49911999, 11, 999. 740. 777. 770. 177 470. - 11, 17.

777. - 111. 47. 777. 704. 747. 717. 717. 747. (1911191919,1919951(99999)11999999,999,911,999.

707: 747. 10771077. 1077. ψ. 19, 999. 177. 1771. 1994 19941999. 1117.1170.1177. 1174.

777. 777. 777. 770. - 7, 40. 177. 477. 477. 2 1177. 4- 7111, 0.

077. 770. 777. 777. 771. 777. - 71,170. 770. &7117711177977771

999. 777. 714. 717. 777. 777. 771. 477. 447. 477. (111999, Regi sueciae, 11, 744. - 119, 999. - 17,

474. 477. 477. 477. 477. 477. 707. 777. 777. 777. 777. - 91 147. - 711, 777.

777. 717. 777. 777. 777. 777. 777. 770. 771. 777. ι

999. 717. 777. 777. 771. 777. 707. 717. 717. 777. 11199, christoph, m, 477.

747. - 711, 71. 177. 177. 177. 177. 177. 177. Hadriano, Pontifici 1199199911, 777.

174. 177. 774. 710. 717. 9999911999. 417. 417. 91 Hagen, 99114199, 111, 777.

470. 474. 440. 477. 707. 707. 711. 717. 717. 717. 11470171'11477770, vm, 777.

999. 999. 777. 707. 777. 777. 777. 707701717. 110177717171 1911999111, vm, 999.

774. 747. 777. 770. 777. 777. 774. 707. 777. 777. 1121777 (94199.) Senatui, 9, 777. - 7111, 741.

770. 777. 707. 771. 994 1017. 1047. 1071. 1077. 1177oe (377777101), simoni, nomo, erim 9919

9999. 1070. 1107. 1117. 1170. 1177. - 7111, ¹ raum 9559919, 7111, 771. ·

77. 77. 47. 77. 77. 77. 154. —- 17, 10. Hamburgemi Senatui, 711, 666. - 7111, 777:
Georgia, Daoi silesiae, VII, 777. - 121, 707. 777. Hamburgemibuu Pastor-ibus, VII 777. - 717, 777.
(1999919, 1191111999 19499999, 1, 1010. - 11, 777. Hammelburgenni 9919199, 9, 19.

9499919 19199199, 1919911991 99499999. 7110 700137, 11419999959,419«19(4199911999994),9,949944499.

111, 777. 477. 711. -71717 999.-911919. 999. 999. 404. 704747
Georgius 7an Princeps 119199, 919. 9911199991. 707. 774. 747. 770. 771. 747. 777. 1017. :1117 1147.
(19999999, 19919, 1, 7. - 7111 119. 177. 777. 770. 999· 999. 491499.
(11199119,99991.,1. 999. - 19, 999. · 704. 774. 777. 777. 777. 771. 770. 777770. ,999.
991999, 19919, 11, 11. 777. 774. 747. 774. 770. 771. 717. - 171, 94.
a 99119919, 19491199, 171, 177. · 117. 199. 994. 199. 199. 994. 999. 499. 914 777.

 

