INDEX 1115155110οἐ EORUM 1105115151,

.' QUIBUS MELANIIION EPISTOLAS, PRAEFATIONES 111 1111111118 INSCRIPSI'I.

' (0051 index prolixior Vol. X. p. 979-477.)

8115010, 118. 815010. 610. 771. 777. 977. 978. 1018. 1088. - IV, 108.
8018051011 (805081035511010,1]511 1801151505 511100101 383. 514. 753. 818. 878. -7, 41. 195. 805. 888.
8018101 11001551 151 ouo 1515501551 5015150 edidit), 787. 808. 317. 854. 855. 866. 411. 418. 443. 510.
Π, 807. 838. 890. 835. 958. -ΙΠ, 188. 189. 574. 748. 790. 811. 818 907. - 71, 111. 145.
518. 587. 543. 544. 581. 568. 589. 590. 591. 598. 185. 800. 848. 853. 438. 473. 688. 840. 708. 711.
593. 1103.- IV, 99. 100. 770. 779. 801. -7, 738. 753. 859. 885. -VII, 163. 190. 358. 390.
840. 488. 685. 890.- VI, 18. 60. 171. 803. 503. 409. 414. 458. 585 551 530 635 675 775 -7ΠΙ,
788. 787. 803.- 7Π, 106. 145. 444. 999. 1031. 80. 838. 365. 330. 457. 745.- IX, 71. 544. 778.
1157- 7ῙΠ, 38. 185. 858. 874. 388. 483. 497. 950. 958. 1095.
785. 880. 881313. - IX, 80. 177. 441. 444. 584. 8150110, 8105103110. 5103551150 01 51131105. 011815111,
589. 614. 785. 740. 109l.-X, 7984. 86. 88. 177. Ι,874. ·- 11, 611.
885150, Η101., ΠΙ, 1069. 810110, Alexandro (800151 003505151151), ΠΙ, 1080.
81111150,118.Η1811150. . 1105. - IV, 733. 840. - V, 174. —- VI, 450. ’
8031811118. Egydio. , 508. 517. 673. 079. 685.-7Π, 188. - IX, 881.
Aemiliano, 5111, 118. 18011150. ’ 8110555130511 senatui, VII, 888. - Χ, 150. 188.
Aemilio, (10013.,118 Oehmlero. 8115151010, 1. 8115015010, Andr, Ι, 987.
8031151101551 (proprot 3011515100 Ηὸ011), ΠΙ, 380. 81515110, Barth, ΙΙ, 897.
395.- VI, 115. 477. -7Π, 315. 478. 688. 846. 8550130511 8051151, ΙΠ, 593. 618. V, 493. 884.
-VIII, 31. -VI, 780. 51,-1111111. 517.
Agricolae, 101551(1110111.8055018011. 805511101. 171151 8501510510, 7110, Ι, 584. 835. -· V, 838.
11105110, 5580 otiam 1110510515, 5111311101 81110505 85135010, 710113, VII, 808.
003505151151),1, 458. 740. 757. 760. 761. 784788 ob 8511801801110, 5873- ΠΙ, 957- IV, 794.
789. 795. 810. 818. 885. 887. 853. 886. 904. 1107. 868. 887. -7, 384. 388. 798. - 7Ι, 88. 38. 58.
-Π, 677. 876.- ΠΙ, 90. 888. 789.-Ι7, 474 73. 93. 94. 149173. 181. 835. 839.
749. 771. 1066. 7, 547. 897. 704. - 71, 63. 94. 8511018150, 101551, propr. 11015155, VIII, 318. 337.
108. 116. 468. 8581010, Pastori, II, 704.
Agricolae, Nicoloo, IX, 166. 1 8551111511 Friuoipibuo, vid. 1010515151, 05013151, Io·
8311001110, 0001310, VIII, 388484. 657. 897. 877. 15501.
- IX, 19. 170. 178. 443. 508. 598. 680047. 8551501305118011151, VIII, 877.
796. 919. 978. 1060. 1068. 8515000511551 005010511011551, 7Π, 140.
15 8105105 (8151051, 8111105), I, 885. 8510510, 0015111 110555130511, VI, 869. —X, 147.
811180(851110181150), ΙΠ, 673. 1851051111, IX, 578.
15 8151111155, 8051111.,7ΠΙ,887. 8351110,01111.(811101), Ι,893. 906. 988. - IV, 841.
815010, o. 8115010, 51111151οο, Π, 308. 805. ,.957 358. 959. 980. 96.3 964. 905386. 987. 988.

8150110, primo Duoi Βο1511110, ΠΙ, 88. 518. 594. 989. 970. 978. 1014. 1035. - V, 858. 859. 835.
1515111110151101.. 111111. u .

 

