11 mm 111111. sonim Domum m srmoucr. 11

mgffibiglflwff 5⁰ussfi⁰¹¹ 111 111 11111111, 111 ”W 111 81111 1111111, 1111111 1111 11111111 111111 1111111 111

1111111111111 111 priorem 11111 purten, 11111 confusionem Augustam 11111111, pertinen· mm (10.
11111111111111.ΧΧ1’1.1.6911111811111 111 liquida 111 huius 1111111111 1111111111 maribus 1111111,
iqn'imm fflipglelpouideo, 11111111 o 111111οῶ111 Enim 11111111 ⁸) 1111111111. ln hom 1111111 1111. 4 nm

111 1 aguntur.

¹'lix 11111111ιυὶ111 Editiorrir 111111, scilieet Apoiogin, 8111111111 11 111111. 11111111 &t 3. p. 138-140.
5⁸³⁰ ’Μ 0¹⁰¹¹¹P¹⁰fl¹ffl Wiefflm Γ· &mm lm id, 2) W 2¹¹²&ssss 1111111. 111111 1111111111 111 11111111 111
1531. 111 111111 1. 111111111111111111111111. 1111 11 111 11111111 111 1111111111 111 1111111 11111111111111111, 11111111
1111111111 11111 1111 61111111 11111111 111, 1111111 81111πῆ1111 1111111111 11111111 1111111111, 11 1111 11 1111111
111111 111111111111111111111111, 11111 11111111 1111111111 11111 1111, 111 111 1111111 311111111111111 111111 1111111111
1111111111111111111111111 1111111111 11111111. 31111 111111111111 1111111111 1111111111111 111 11111 111111111. 31
1111111. Q. 196. 3. 10. 11111 1111 111 mort fourr: 11 16.11111111; 11 111111111 1111. 1. 11111111 1111111111
”⁰¹¹ 1111111111111, mli 1111 i⁰¹1⁰¹e ὅ· 2⁰⁰· 3· 13· 11111Μὲ *iiim 1111111111 11 11 11111111 1111111111
111. 3111. Β. 13. 111 18. 1111111 1111 111111 111111, 111 1111111 11111 11111 611 1111111111,111111 111. 1 1. 3. 9. 1111
1111111 111111, 111 11111, 111111111111111 a 10. 111 11111111, 111 111, 11111111111111161111 a 13. 11111.

1111111111111111111111111,111111113. 7. 11 111111 1111111111 1111111111 (11111111111111111111 111113. 15. ’

11 111111 mit 1111111 111 1111 11111 111111 11111111 11111111111 1111111111 111111, 111111111111111111111111111111
111111 11111 1111111111 1111, 111 1111111111 11111 1111111 1111111111 111, 111 11 1111 11111111 11111111 1111 1111 11 111
111111 1111 11111111 111111 111 1111111 11. ἱ 1111511111111111111, 61. 1. 11111. 11111111111111111
111111111111111111111111 111111 1111111111,111111111 1111111111 1111111111 11111111 1111 1111 1811111 (1111111111,
111111 1111111 1111111111111111, 111111111111 11111111111111 1111111111 11111, 111 11111111 111111 1111 11 1111111
111,11111111111111 1111 1. 111 hung. 11. 116 1. 11111 111 11111111 111 1511. 111111 1111. 111 111111111111111
1111111111 11111 et: ,11111111 1111111 1111 1111 11111111 111 11111111 11111, 11111 111 11111111. ῡ1111111111111111111,
1111111 11111 111 1111 11111111. 1111111 1111111 11111111 11111111. 111111111111 1111111111 ortuo 11111 111, 111 11·
111111111111111111.’ 1111 11111 1111 1111111111 1111111. Su 1111111 1111111111 1111 11111 11 111 11111 ,11111
1111111111111111111 111 11 11111111 1111 11111 11111 111111111 1111111111 etiarm! 11 111 1111 11111
11111111 1111111 111 11111111 111 1111, 1111111 1111111 111 111111 1111111111 111 1111111, 11111111 111 11 111 11111
111111111111111111111111111 11111111. 111111. 61111111. 11111 111 1111 1111111 1111111111 1111111 111 6. 1111. 111
1111111111111111111111111. 81111 1111111 1111111111 111111111 111 111111111111 1111 11111 1111111111 1111111111 ir·
11111111, 1111111111 111111 1 1111111· -
1111 ex 1111111111 111111 relatis, 1111111111· 111, 1111111111 111 exemplo Bugenhagii 11 morioris·
1111111111 1111111111111111. Locri.. 11110111. 11. 11 1111111 horum 111111111111111111111111111 loco 1., 111.
141111. 10. 1111111111111111111111111 1.,111. 1 41111 18. 11111111111111 111 111111 1111111111.
11111 ioco 4.,111. 86⁶ 111. 1. 511 11111111 1111111111111 111 1111111111 ioco 5.. foi. 8 3-111. 11111 1111111111
1111111 ioco 6.,111 3 5· 111. 1111 11111111111111111111111 ioco 1., 11111· 111. 10. 111 utroquo: 111 1111111111
ioco 1., 111. 3 81 1111. 11. 11111111111111111. mrem 1111111111 (pro 11111111) 1111111111111111111111.1111. 1. 111111
111111111111111) 11111. 31· 111. 1111111111 11111 ¹¹¹0 issiu ¹⁰0⁰ 9ο. fol· 1 2· lin· 1-7· 1111 (111 exempli
1111111111111111111111111111111 1111111111 1111111 1111011111 1111111111,111 11111 111 111 1111111 1111. 1111111
11111 1111111111111,111111111111111111111111111,111111111,1111111111111111 11111111 111111, 111 111 111111, 1111 ·
111111111111 11111 111111 11111111, 1111 1 111111111111 11111111111111, 1111111 Ι 1111111 1111, met 111111 1111 111111
ab 111111111111111111 ibid. 111. 1-8.111 11111111 111 011111 11111 111 1111111111 1111 11111 111111 11111111 111
1111111 11111111. 11111 Ι 1111111 111 1111 (1111111. 1111111111111111 11111111, 11111111, 1111111 1111 11111 111111· Ι 111

111111, 111 111 111111, 1111111111 iun· 111111111111111111111,1111 1111111 11111111111111111111, 1111 111 11111111
1111, mer 11111111111111111111111111111 111 1111111111 111111111111111 19 lium, 11 1111111111 1111111118.

0111111111111111, 11 1111111111 .111Ι 1111. 11 m 1. 1140111111 111,111111111111.1 61. 4.

11. 11. 11111 1111111 ,1) 111 11111111 1111111111 111 1511. 111 11401111 11 111 1111111111111111 waren 1111111, ’1. 0.
1111 15511 111 111111111111111111. 111111. 1560111111 1111111τὶ111 1111.··)11111111111111111 1111111111111 1161.
ig„ 1111 1111 Orien 11111 111 111111111111 exemplar 111 11111111 11111111 111 W

*Q*

'i 1111 1111111111 11111 111 11111111111111111111111111 1111 1111111 1111111111 1111 restatur retiis 111 111111 manu
111 1111111 1111 1111 1111 1111111111 11111161111111111, 1111111111 1. 1. 1. idem memorat 1111111111 111 1.

’ menti. wli. 11111111 1. 1181. 111. 13. p. 111 111 11111 11.
. “’ ”i 1111111111 remuriam 1111 ¹⁶³⁸· 1111111111· 0111111 nmirum 11 mannicum 1111111111 em, m meru, 1,,

1111. Otii· 11111. 111. 1111. 11111111

 

