161 ’ · 11161611 111166611661661· -· 111

296. 300. 433. 503. 540. 628. 651. 676. 681. 705. · V, 45. 67. 161. 516. 517. 543. 565. 788. 846. -·

759. 861. - 7Π, 1048. 1051. 1062. 1056. 71, 205. 538. 555. 557. - 8, 14. 15.
1661616116 (6166116 166666), 1, 886. 912. 9141088. 11666616,11666116, 1711, 10581- VIII, 797. — lx,

1041. 1042. 1045. 1074. 1076. ·- Π, 14: 493. 121. 145. 284.

569. 574. 590. 661. 676. 677. 691. 738. 777. 893. 1 16166,161661,11, 888. - 7Π, 832.

894. 895. 903. 936. 945. 950. 953. 958. ΙΠ, 16616, christophoro, VI, 397.

5. 11. 67. 73. 81. 85. 90. 94. 106. 125.179. 265. 1116166116, 161661, IX, 889.

· 266. 270. 296. 297. 308. 521. 637. 638. 644. 647. 116161616616, 8616616111, 837. 847.- 17, 806918.

688. 698. 1129. 1139.1242.17,1.04 133. 144. -V, 80181308. 334. 517. 527. 528. 678. 875.
569. 638. 793. 832. 855. 916. 321). 921. 1031- 882. 71, 92. 132. 172. 175. 186. 210. 251.
7, 81. 229. 254. 327. 354. 410. 418. 475. 484. 252. 262. 337. 740. 825. 858. -7Π, 153. 337.
559. 719. 726. 785. 788. - 71, 13. 34. 56. 67. 350. 439. 445. 469. 699. 645. 698. 744. 851. 1012.
81. 100. 110. 146. 171. 186. 208. 239. 241249. - 7111, 19. - IX, 1064.
256. 325. 351. 378. 413. 432. 447. 459. 642580. 1661611661, vid. Ρ1161111666661116111661111
597. 737. 773. 850. - 711, 137. 170. 316. 927. 16666166, 1316161, 723.
1611601111116611616, VIII, 607. 1166616611 0666601116, Π, 345.
16166116, 1661116666 Constantinopolitano, IX, 921. Lsnpoldo, Simoni, IV, 799. 820.
1166166 (6616 1116661166),1461111666,1Π,1092.-166166, X, 16.
VI, 594. s 16616666, Senatui huius oppidi, VIII, 116.
11661666 (1816666666), 166661, Π, 384. 11616 (interdum 61116 166161, 6616.11666),061·1116-
16666616, 116816666616. phoro, 7, 467. -· VII, 471. 488. 490. 712. 868.
11666616, 066111, vid. Antonius 61 8616611661. “ 974. 1165. ·- VIII, 22. 23. 51. 64. 80. 101ο 104.

. Isindero, 1161661611, 7Π, 411. ,106. 127. 160. 176. 272. 278. 303. 324. 416. 445.

1116616, vid. Agricola. , · 483. 496. 599. 605. 682. 734. 758. 763. 785. ‹-
Ι111616,111661666,Π, 556. . lx, 113. 186. 482. 518. 624. ,558 566. 567.
161616666611661 Ρ111611661, 71, 331 575. 646. 669. 722. 729. 743. 883. 982. 1044.
166161161661611, 71Π,77.177.851. 1045.
Innio, 8661616, IX, 487. 650. 1166116, 7766661116, Ι,389. 750. 1006.- II, 486.-
1611616666, 11116, ΠΙ, 98. 528. 529. - V, 379. 859. III, 718. 742- IV, 953.
916.— IX, 425. 1166116, satomoni, tilio 7766661111, VIII, 277.
8116116616, 161661, 71, 355. 420. 11666616661611161, 71, 380. ,
8166111111, 1. 81611116, 8111616116, 7, 33. 1166666666,1161., IX, 1077.
866666611161,116. 0166111166. 116666166661, IX, 435.
861616, 0661616, 18355. 545. 593. 11666611661066111661, 18, 356. 0
8666116, Andreas, V, 751, —-· VII, 318. 116116611 Senatui, lx, 925.
86661116 Senatui, VI, 307. 116616611661 1116616616, V, 191. 359.
8161, Senatui 116161 61616, 71, 101. LipsiensibusPhilosophis,V111, 210.
8111611666, 77661, IX, 660. 11611661166116111666661111, 7Π1,229.
8166, 17166166, I, 941. 1014. 1015. - Π, 645. - 1116616116, (1661616, V, 400.
· 1Π,213. 16611116, cnsp.. V, 162. 347.
81661616, Fabiano, VI, 373. 161616, 16616, 711, 528.
68116166, 11666616, 7, 767. - VII, 1045. 1611161116, Petro, VII, 443. - 18, 397.
86616116, (1611161616, V, 100. 117. 120. 152. ·- 71, Lucano, 166661, 7111, 148.
, 131. 180.- 711, 75. 843. vni, 373. 16611611, Senatui huius oppidi, ΠΙ, 755. 788.-17,
866616, 1461166, VH, 1028. 680. ⁴
86116, 6. 8611116161 (,161 0611161),71166116,7Π,75.1661666666611Ρ611611,Χ,20.
756. -7ΙΠ, 121. 268 Α 16661616, 711, 137.
81166, Hieronymo, VI, 601. , 16661166, 0661111 16 0611166611, ΙΠ, 760. -· V, 457.
8166611616 1166611116, Senatui, VIII, 162. 16661166, 066111 181616616, ΠΙ, 1192.
811616, Nio, x, 13. 16661166, 16116, IX, 480. ·
1866116161, 81116166, 7Π, 1047. 1075. 166666166ηεί, 11661166, 116. 8666666661
1111161666, Ioanni, II, 82. 871. 1616616, Μ111166, 1, 655. 893. 975. - II, 38. 4659.
. 1666166,116.Β6116166.118.125. 140. 144. 145. 175. 178. 193. 137. 217.
1666616, Ioanni, 11, 643. -71, 703. -8, 170. 223. 233. 240, 252. 253. 259. 299. 311. 314. 327.
11666,1611161, 1, 76. 105. 162. 210. 334. 461. 801. 335. 340, 355. 893. 954. 1105. -ΙΠ, 179 299. 641.
885.1034.-1Π·, 325. 602. -IV, 852. 309. - 648. 6701003. 11231129. 1154. 1187.1.227

 

