116 · ‚PHILIPPl 1161001117110111807111104. · ·· lm

11011000, Ambrosio, I, 809. 819. - 111, 632. (001. Π, 918. 883. 891. - III, 21. 42. 70. 166. 171.
17,. 1051.) 1959. - IV, 706. 805. 851. - 71, 990. 999. 413. 619. 630. 905. 906. 1087. -- IV,
252. — VII, 485. 1049. 759. 933.1016.1023. 1095. 1098. 1054. 1057.-

11011000, Laurentio, 71, 117. 533. 553. 581. 595919. 7, ¹272. 973. 399. 534. 535. 659. 771. 789. -- 71,
- 7Π, 995. 930. 398. 451. 456. 509. 513. 754. 99. 66. 96. 197. 140. 975. 976. 977. 978. 510.

,816. 838. 999. 1013. 1136. - VIII, 174. 635. 516. 510. 759. 759. 899. -VII, 141. 403. 464.
769. - IX, 155. 168. 176. 664. 989. 1078. 507. 713.744.761.868.1122. 1131.1135.-7111,

11011000, 10001100, V, 834. - 71, 75. 995. 345. 348. 71. 110. 157. 979. 347. 446. 480590. 634. 760.
353. 389. 476. 614. 697. - 7Π, 70. 108. 139. 761. 767. 801. 844. -ΙΧ, 131. 980. - X, 91.
183. 398. 451. 456. 566. 621. 655. 661. 669. 690. 97. 28. 99. 30. 31. 32. 83. 34. 51. 57. 58. 59. 60.

· 818. 859. 983. 1007. 1061. 1071. 1111.Ι 1115. - 69. 03. 00. 70. 71. 79. 73. 74. 76. 77. 78. 79.

VIII, 309. 376. 395. 511. 678. - IX, 117. 569. 11010010, Τ100000, 111, 417. - VIII, 519.
639. 660. 669. 899. 954. 979. 1066. 1079. 1091. 11000101οο0οἰ, IV, 1091.

11011000,Ηο0100,711, 1037. 1063. -VIII, 59. 298. 1100000οω000.(1000),111100100,10,1963. 1964.

’ 766. - IX, 817. 899. 841. 110001001110100011, VIII, 822.

11010000,100000, VIII, 615. 110000οο001 conventui 111, 1949.

. 0 1101100, 1)10100100,01111011000. 1100010, 011. 01100010 0. Giberto.

Montano, 100001, 7Π, 588. 1100000000010, IX, 569. 836.
1100110100 (1100101000), Ulrioo, 711, 87. 868. 955. - .Νο0100000,Η10000., V, 971.
VIII, 98. 131. 145. 489. 595. 527. 541. 694. 639. 11001101000,1000001,71Η, 587
666. 691. 737. 804. 816. 895. 859. 878. 894- 111010001011000, 100001, VlIl, 187.
IX, 127. 136. 145. 169. 168. 188. 373. 438. 441. 11001100000, a) Senatui 100000 oppidi VIII, 410.- -b)
443. 479. 596. 571. 630. 631. 639. 651. 797. 734. Ρο01001500, 17, 776.

735. 751. 790. 793. 799. 803. 895. 830. 839. 837. 1130110000, Senatui 11011007, 21. 36 189. ι
847. 978. 977. 981. 1049. . Norinbergenoi 6000101,1, 714. 717. 759. 789. -11,
11οο0010003, 100001, IX, 847. 648. 670. -111, 190. 400.· 7, 956. 754.- 71,

11001100, 1001010100, 71, 183. - VIII, 52. 400. - IX, 548.
11οο1100, 110010111οη0, 71, 701, nbi pro Maximo Aemi· Norinborgenoibns Ρο010011000, III, 958.
11000 scribendum 001 0100 dnbio 1100101111ωο, nomon 11οο00000, 00000, 17, 567. 063. -V, 94.
10010000 00101000 10100100. Novo Aquila comiti (1100000000 (10000 10 1700000000,
11111100000, 6000101101οε oppidl, IV, 919. - V, 15. 01100 1100000100), 1, 15. 1043.
450. 451. · 11000110,(1000,1, 937.
1111000, casparo, I, 839. 1093. 0 1100000, Hem.. 000111, 011. 11οο0100110.
uulnere, 0. 11111000, Sebastiano, V, 797. - 71, 103.
1100010010, 60100110 01 1ιο00100010, 71, 660. .
· 110000, Antonio, V, 57. - VI, 500. Obernbnrgero, 10000111, 609. - 71, 543.
’ 110000, Apollonio, V, 464. Oeoolampodio (011000 10010000ᾱί0, gorm. Ηο000010010),
Musonio, Andreae, VI, 104- VIII, 67. 100001,1,.87 615. 786. 1048.- II, 11.
⁴ 11000010, Eutychio, V, 464. 495. 595. —- 71, 677.. 001000, 11100, 71, 669.
11000010, wolfgango, 17, 410. 784 V, 754. -·- X, 001000, 1000101000, 71, 919.
167 00101000, Ν100100,1Π, 908. 592.- IV, 1096 1039
11001000,100001,17,959.1047
110010οο (1100010001), 100001, 17, 1067. 0010001000(Αο001110), Georgio, 1110 17100101, 7, 151. 159,
11000010 (proprie Mecum), Friderioo, 1, 870. 980. 981. (0010010οο, Maximo, vid. Morlin.)
1019. 1091.1099.1098.1099.1030.1031.1039. 00010110, 7110, 1710010010,111, 1066. 1067. 1079.
. 1040. 1047. 1063. 1073. 1093. 1108. - 11, 12. 1234. - IV, 113. - V, 141. -- 71, 345. 519.
17. 29. 33. 117. 179. 960. 980. 440. 449. 506. ¹· 533. 534. 552. -VII, 1109.
546. 549. 579. 608. 709. 719. 789. 871. 949. 961. Oeslero, 1000100 Ρ1011ἰρρο, ΙΠ, 99.
975. - III, 187. 905. 937. 990. 407. 415. 439. 01100101010, Blasio, 71, 560.
’ 447. 458. 469. 714. 717. 779. 976. 1076. 1096. Oporino,Ioanni(germ. Ηο01001),7Π, 765.
1097. 1194. 1128. 1138. 1188. -IV, 117. 645. 00010010, Senatui huius oppidi, lV, 1056. - VI, 632.
. 681. 754. 816. 843. 864. 884. 931. - 7, 95. 36. 00100100 (germ. Hosenmann, 0100 Ηο000-1101001010),
51. 164. 189. 390400. 434. 498. 657. 787. 883. 111, 405 898. IV, 1052.— V, 82..728. — 71,
896.— VI, 47. 69. 70. ’ 919.- 711, 228. 778.
Ortmann, vid. 01100000, 0000.
717.,1, 983. 655. 721. 1008. 1011. 1038. 1058.- 0110000000, Georgio, 71, 660. -X, 34. 35.

 

