1⁷3 161661 6111116061 01161 [130

- 71, 178. 649. 687. 777. 746. -vn, 92. 147. 870. 939. 960.Ι 961. 967. 975. 1071. 1107. 1149.
538.- VIII, 39. 88140. 350. 407. 637675. - 76111. 39. 103. 130. 147. 163. 774. 779. ·
690. 866. -IX, 677. 798. 315. 349. 851. 878. 424. 481. 511. 515.

316111011ωο (81006010 cognominem), 71, 816. - 607. 608. 618. 619. 657. 677. 777. 778. 796. 875.
7Π, 689. 760. 799. 844.-·71Π, 54. 118. 735. 514. 846. 867. 970. - IX, 176. 159. 177. 185. 189.

Δ13061111106118061161,ΙΠ,608. 300. 396. 429. 577. 533. 539. 543. 554. 576.

Argentontonoibuo concionatoribus, 7Π, 97. 767. - 580. 608. 643. 667. 666. 770. 773. 797. 804.
X, 171. 819. 885. 840. 896. 974. 945. 988. 1031. 1085.

monensi 8061161, 7Π, 763. 8166311661 uxori, V, 438.

Aucto, 1111161111701- 17, 1051. 8166366010, Hieron, filio, VII, 1173.

1113611561. 8050110 1111061110 1111 1111111506 ut 8116311661, 30611111, II, 284.— 7, 741.
1101010117“1,Ι,1081.- ΙΙ, 557. 579. 678. 650. 8666660006157.

651. 791. 798. 875. 944. 957- ΙΠ, 77136. 80660118001111, 111 76601.

719. 374. 678. 419. 570. 1077. - 7, 33. 199. 801010, firmam. 81101.

778. 739. 773. 797. 487. 513. 571. 537. 669. 781. 801010, christiano, Ι, 1017. 1095. - Π, 34. 666.
810. 888.-71, 54. 57. 171. 707. 719. 784. 814. 815. 680. 877. 938.

954.- 7Π, 151. 165. 553 856 917.1048.- 80101611006111111, ΙΠ, 99. ··- 71, 797.

VIII, 65. 78. 397. 488 -IX,l69 771. 595. 693 Βο11110, 01160161, 111631οο (0111106610 16 801113,
904.1077.-Χ, 81. 87. 83. 85. 88 89. 90. 91. 97. 80136011· 10116303),Π, 730. 915. 1077. .
163611176101111166 0011167711, 1094. 1116. 8011110,10111111, 11163100, Π,369.-ΙΠ,1113. 1190.
1145. - VIII, 40. b) concionatoribus, Π, 891. - - 7Π1, 490. 670.
Χ, 148, 8016116161. 31161160.

1131110,1)1151111.6110107111, 111 333. 443. 1011311116 11
603- IX, 67. 319. 344. 409. 591. 766. 346. Momm, 617.

16111510(3100111056111), 101661, 71, 338. 363. 674. 311110101160 waldensium m Bohom'u, Π, 854.
775. -711, 656. 690. 755. 793. 300. 1034. 1066. 80601166, numo, 71, 653. 861. - 711, 10. 814.
1067. - VIII, 45. 88. 117. 174. 145. 150. 366. - VIII, 637.

876. 606. 750- lx, 149. 187. 483. 545. 560. 0 8013, Andreae, IX, 985.
601. 657. 809. 943. 951. 953. 959. 1060. 1097. 1 8013, 1016601, 71557. 554.

1113111, 1101. (6111111), w, 334. 1 0131, 1111111, lx. 434.
- 011111116611, vl, 3⁷5.

’ a 8016000111, 10116, ΠΙ, 485.
3110111. 801010, 1116611660, 7Π, 711. 877. ι- VIII, 80161, 1115101, ΠΙ, 377.

153. 483. Βο101160611561 006010615011511 7Π, 799. 465.
81116160, 8116011οο, IX, 373. 8010110, Hieronymo, 71, 363. 370. 417. 577. 593.
81160010, 11050110 (16716107), Π,940. 596. 661. 187.- 7Π, 139. 779. 340. 515. 347.
8116160,1)611Ρο601161118101660601,113616160311, 548. 776877. 963. 976986. 1076. 1101. -

v 33‘1 -vm‚ 3⁶1 vn1,34.30. 134 134. 344 111111 313. 430.
18111606, 110, 7, 517. -ΙΧ, 957. 817. 645. 876- ΙΧ, 173. 671. 805. 898.
8166366010, 816106, Ι, 517. 617. 618. 651. 654. 8111101160, 1710051110, propr. 00111156, Ι,7111.

660. 664. 677. 678. 681. 684. 686. 696. 699. 8113010, Nic.. 71Π,717.

713. 777. 736. 758. 790. 791. 797. 797. 900. 986. 81160601, 10166010780560811660,7, 563. 71, 719.

938. 353. 954. 975. 983. 993. 10001063. 1070. , 737.

1077. 1086. 1115. - Π, 58. 435. 491. 588. 631. 81161010, 165101, 1, 7.

647. 875. 846. 900. 972.- ΠΙ, 9. 66. 73. 197. 8100160, Ρο60,7Π, 791.

355. 375. 613. 775. 753. 803. 907. 976. 1018. 180011, 170113, IV, 1036. ’

1078. 1115.— IV, 89. 115. 171. 177. 565. 808. 8007630111. 1801615010 (Pettiohoro), 101611, 71Π,

667. 736. 807. 878. 866. 868- 7, 74. 39. 49. 775. 799. 307. 741.-18, 513.

’ 60. 69. 94. 184. 249. 755. 350. 858. 866. 9071805061010 0116116011 7101011561, 71Π, 473.

- 71, 17. 76. 93. 184. 176. 130. 286. 747. 743. 806110, Hermanno, 7, 97. 103. 843.

758. 794. 798. 307. 373. 393. 410. 411. 463. 591. 80111630, 110050, 7, 794.— 7Π, 95. 644. - vm,
662. 701. 747. 786. 874. 900. 946. - 7Π, 88. 87. 99. 109. 157. 174. 737. 304. 375. 676. 633.
91. 104. 144. 777. 786. 311. 339. 650. 401. 471. - IX, 179. 191. 197. 715. 481. 570. 589. 656.
.455. 486. 501. 537. 544. 550. 568. 573. 580. 586. 935. 957. 1073.

669. 670. 637. 641. 648. 680. 681. 775 777.778.8016010,0103.,Π1,595.

753. 757. 766. 786. 739. 790. 808. 813. 377. 654. madenburgensi Sonotui, 71, 71. -- IX, 645.

 

